Detected assembly step: ||Pyramid Bauschritt 3|| with 96.0% similarity
Center position in x and y: [[[30, 30], [70, 30], [112, 30], [152, 28], [192, 30], [232, 28], [272, 28], [312, 30], [354, 30], [390, 32], [434, 30], [476, 30], [512, 30], [554, 30], [594, 30], [632, 28], [674, 30], [712, 28], [752, 30], [794, 30]], [[32, 70], [72, 70], [112, 70], [152, 70], [192, 70], [232, 68], [272, 68], [312, 70], [352, 70], [392, 68], [434, 68], [470, 70], [514, 70], [552, 70], [592, 68], [632, 70], [672, 70], [712, 70], [752, 70], [790, 70]], [[32, 110], [72, 110], [110, 110], [152, 110], [192, 110], [232, 110], [272, 110], [312, 110], [354, 110], [394, 108], [432, 110], [472, 110], [514, 108], [552, 108], [592, 108], [632, 108], [672, 110], [712, 108], [754, 110], [792, 110]], [[30, 150], [72, 150], [112, 150], [152, 150], [192, 150], [232, 150], [272, 150], [314, 150], [354, 150], [392, 148], [432, 148], [474, 150], [514, 150], [552, 148], [592, 150], [632, 148], [674, 150], [712, 150], [752, 150], [794, 150]], [[32, 190], [72, 190], [112, 192], [152, 190], [192, 190], [232, 190], [272, 190], [312, 188], [352, 188], [392, 190], [432, 188], [474, 190], [512, 190], [552, 190], [592, 188], [632, 190], [674, 190], [712, 190], [752, 190], [788, 190]], [[32, 230], [72, 230], [110, 230], [152, 230], [192, 230], [228, 230], [270, 228], [308, 228], [348, 228], [390, 230], [430, 228], [470, 226], [510, 230], [552, 230], [592, 228], [634, 230], [674, 230], [714, 230], [748, 230], [794, 230]], [[32, 272], [72, 270], [112, 270], [152, 270], [192, 270], [228, 268], [268, 270], [310, 270], [350, 270], [392, 270], [432, 270], [474, 270], [512, 268], [556, 270], [588, 266], [632, 270], [672, 270], [710, 270], [752, 270], [792, 270]], [[32, 310], [72, 308], [112, 312], [152, 310], [192, 310], [230, 310], [268, 312], [312, 312], [346, 310], [392, 312], [434, 312], [472, 308], [512, 310], [556, 312], [598, 308], [632, 310], [672, 310], [708, 310], [752, 310], [792, 310]], [[32, 352], [72, 350], [112, 352], [150, 350], [192, 352], [230, 352], [268, 354], [306, 352], [350, 350], [386, 350], [432, 356], [470, 352], [516, 354], [556, 352], [592, 348], [632, 350], [672, 350], [710, 350], [752, 350], [788, 350]], [[32, 392], [70, 388], [110, 390], [152, 390], [192, 390], [230, 392], [268, 394], [304, 394], [350, 396], [392, 392], [432, 392], [472, 394], [516, 392], [556, 394], [594, 392], [632, 390], [672, 390], [712, 390], [752, 390], [792, 390]], [[32, 432], [72, 432], [112, 432], [150, 430], [192, 430], [228, 432], [268, 434], [308, 434], [350, 438], [392, 430], [430, 430], [470, 434], [516, 436], [552, 430], [596, 434], [632, 430], [672, 430], [712, 430], [748, 430], [792, 430]], [[32, 470], [72, 470], [112, 472], [152, 472], [190, 472], [226, 472], [268, 476], [308, 480], [348, 476], [390, 476], [430, 476], [474, 476], [516, 478], [554, 474], [594, 474], [632, 470], [670, 470], [708, 470], [748, 470], [790, 470]], [[32, 512], [70, 512], [112, 510], [152, 512], [192, 512], [230, 514], [268, 518], [308, 520], [348, 518], [392, 520], [430, 518], [472, 518], [516, 520], [556, 518], [594, 514], [632, 510], [672, 510], [712, 510], [750, 510], [788, 510]], [[32, 552], [72, 552], [112, 552], [152, 552], [190, 552], [230, 554], [268, 558], [308, 558], [350, 558], [388, 556], [432, 558], [472, 558], [512, 558], [556, 562], [592, 550], [632, 550], [668, 548], [712, 550], [752, 550], [792, 550]], [[32, 592], [72, 592], [112, 590], [152, 592], [192, 592], [230, 596], [268, 594], [310, 596], [350, 594], [388, 592], [428, 592], [472, 596], [512, 596], [554, 596], [592, 592], [628, 590], [670, 590], [708, 590], [752, 590], [790, 588]], [[32, 632], [72, 630], [112, 632], [152, 632], [192, 632], [230, 630], [268, 630], [312, 632], [350, 630], [392, 630], [430, 632], [470, 630], [510, 630], [552, 630], [588, 630], [628, 630], [672, 630], [712, 630], [750, 630], [786, 628]], [[32, 672], [72, 672], [112, 672], [152, 670], [190, 672], [232, 672], [270, 670], [312, 672], [350, 670], [390, 670], [432, 668], [472, 670], [510, 670], [552, 672], [592, 670], [628, 670], [672, 670], [712, 670], [752, 670], [790, 670]], [[30, 712], [72, 712], [112, 712], [150, 710], [190, 712], [232, 712], [268, 708], [308, 710], [350, 710], [388, 712], [430, 710], [470, 710], [512, 712], [554, 710], [590, 708], [632, 710], [670, 708], [708, 710], [750, 710], [786, 706]], [[32, 752], [72, 752], [110, 752], [150, 750], [192, 752], [230, 750], [272, 750], [310, 752], [352, 752], [392, 752], [432, 752], [470, 750], [510, 750], [552, 750], [592, 750], [630, 748], [670, 752], [708, 748], [750, 750], [788, 748]], [[32, 792], [72, 792], [112, 792], [152, 792], [192, 792], [230, 790], [272, 792], [312, 792], [350, 792], [390, 790], [432, 792], [472, 790], [510, 792], [550, 790], [592, 790], [630, 790], [670, 790], [708, 788], [750, 786], [788, 788]]]
Rotation: [[[ 18 346]
  [ 18 310]
  [ 20 276]
  [ 16 240]
  [ 18 200]
  [ 22 162]
  [ 18 128]
  [ 20  90]
  [ 18  56]
  [ 18  18]]

 [[ 54 346]
  [ 56 310]
  [ 58 272]
  [ 56 236]
  [ 56 200]
  [ 54 166]
  [ 56 128]
  [ 60  94]
  [ 54  56]
  [ 54  20]]

 [[ 92 348]
  [ 92 310]
  [ 92 274]
  [ 92 238]
  [ 92 202]
  [ 92 166]
  [ 92 128]
  [ 92  92]
  [ 90  56]
  [ 88  22]]

 [[128 346]
  [128 310]
  [128 274]
  [128 238]
  [128 202]
  [128 166]
  [128 128]
  [128  92]
  [128  60]
  [126  22]]

 [[164 346]
  [164 310]
  [164 274]
  [164 238]
  [166 198]
  [160 162]
  [164 128]
  [164  92]
  [166  54]
  [164  20]]

 [[200 344]
  [200 310]
  [200 274]
  [200 238]
  [202 198]
  [198 164]
  [200 128]
  [200  92]
  [200  56]
  [200  20]]

 [[236 346]
  [236 310]
  [236 274]
  [236 238]
  [236 202]
  [236 164]
  [236 130]
  [236  92]
  [232  58]
  [234  18]]

 [[272 346]
  [272 310]
  [272 274]
  [272 238]
  [272 202]
  [272 164]
  [272 130]
  [272  92]
  [270  58]
  [272  20]]

 [[308 346]
  [308 310]
  [308 274]
  [308 236]
  [306 200]
  [306 162]
  [306 126]
  [310  92]
  [306  58]
  [308  20]]

 [[344 346]
  [346 312]
  [346 274]
  [346 238]
  [344 200]
  [346 166]
  [346 128]
  [342  92]
  [344  54]
  [344  20]]]°
Time needed for detection: 1215.336799621582ms